27571565532076330238696955484840769701652957971052627141540308576257748970701488762409537645334980130086793439135338727545489166522543420563533214790155733383882091898121713585403273256450812346178641245687412359691912095024774595682839489596753026674522926093783171630030778190609680653056344087047815091939
13371951857718230074070227094682457835092573517399041794361893244926620396191043512884560758936607403023655007738589713004737225604035261161671510459865072652714795200041921210542294203871238296757713644693738687838088004121440263757421814546015728180623642860235840624637622990714776008393031753252770210434
314862705252773282698775227461984238850450816094910747422880340326093101488855089820746087049497331281780337940722383695428179777544436214528965710869111363428407726740582702298063659660816145280890044712355844322915729634552251740378549709325126118789186874750439085099447531163990431250314376898957678522
30699472269356014195209411390258208509131700257610340859067150243490162830810342575942892168512230879029493855408920487130854104658201899167671836253830859128603833492185707940212741205175679223955033082590254181616759367409324607293211748909290046257482551603092057777259256630866238343180639356830814983816
22856645111884970434652626388024993314103537048725807113388306846999767104793558641816391674697700525664046642741771095842070234134192459927783352428925574763408777862160632592317869770026280993023202272719793375582610620421925300794112539455889348991410028293014702661346204387430703831605557109194982059674
314862705252773282698775227461984238850450816094910747422880340326093101488855089820746087049497331281780337940722383695428179777544436214528965710869111363428407726740582702298063659660816145280890044712355844322915729634552251740378549709325126118789186874750439085099447531163990431250314376898957678522
30699472269356014195209411390258208509131700257610340859067150243490162830810342575942892168512230879029493855408920487130854104658201899167671836253830859128603833492185707940212741205175679223955033082590254181616759367409324607293211748909290046257482551603092057777259256630866238343180639356830814983816
22856645111884970434652626388024993314103537048725807113388306846999767104793558641816391674697700525664046642741771095842070234134192459927783352428925574763408777862160632592317869770026280993023202272719793375582610620421925300794112539455889348991410028293014702661346204387430703831605557109194982059674
25541315742327661177880006986897978379839809375110428890098570322035074356914722211692853521069969046179180996296266645019405971650196510693973696930182422682902104497763089580948139470482181273135120583169386668871411476803336433844799237238053423506634396491189237840422495340204290445472428101101917567179
22856645111884970434652626388024993314103537048725807113388306846999767104793558641816391674697700525664046642741771095842070234134192459927783352428925574763408777862160632592317869770026280993023202272719793375582610620421925300794112539455889348991410028293014702661346204387430703831605557109194982059674
16337322093453207178823584787179356813841979351420088549015280782571387858702433932303292222102725447160419123772381934691796850325421621744035069428250888351170741172305665825304620725881573581345838219980891387429331807070312903676014183919585889250864348263155764026176187542582427643101794059585336187651
314862705252773282698775227461984238850450816094910747422880340326093101488855089820746087049497331281780337940722383695428179777544436214528965710869111363428407726740582702298063659660816145280890044712355844322915729634552251740378549709325126118789186874750439085099447531163990431250314376898957678522
1706666568608692878171314063058392658069583958053310367385308732721590909580501134210153299293108179289033364575122871491884665339276233543941825524870455040144636595321500507097462244014954207019321322498322767591174685010801571948743778601200366001012700110058237922365634743097187812228059039852147176615
13371951857718230074070227094682457835092573517399041794361893244926620396191043512884560758936607403023655007738589713004737225604035261161671510459865072652714795200041921210542294203871238296757713644693738687838088004121440263757421814546015728180623642860235840624637622990714776008393031753252770210434
23181674026913126821886608433684245788111838077061452689884417230804619197446189259057336276835913903479687677933394048080079898965963134891020988077032234536683937069655635058651352503910073386518751631590616179545275207144943639423378976452137031937561683213504809600698804638923361915916720949821794992218
2583656851599143973022135704215584032352702295209115454129052744292999382354676184362593304034252313281423908198230125097391865593312907670163696689165528244608942604736334946662827436159108926212723641250746541656274860753808367672127499115636259963529288194982890309887567592184827629224497305212913209418
23181674026913126821886608433684245788111838077061452689884417230804619197446189259057336276835913903479687677933394048080079898965963134891020988077032234536683937069655635058651352503910073386518751631590616179545275207144943639423378976452137031937561683213504809600698804638923361915916720949821794992218
4549147498232242773565834929051041939608806171606186899129830194012037827077183984701739577381406522336216451717285854068326880068968097897989062867457463763880060089794393358199922169208019114970441652401778343901744824622100663616458324025321423216374406050454790265806153542477950157256723039451759618708
22856645111884970434652626388024993314103537048725807113388306846999767104793558641816391674697700525664046642741771095842070234134192459927783352428925574763408777862160632592317869770026280993023202272719793375582610620421925300794112539455889348991410028293014702661346204387430703831605557109194982059674
27571565532076330238696955484840769701652957971052627141540308576257748970701488762409537645334980130086793439135338727545489166522543420563533214790155733383882091898121713585403273256450812346178641245687412359691912095024774595682839489596753026674522926093783171630030778190609680653056344087047815091939
23181674026913126821886608433684245788111838077061452689884417230804619197446189259057336276835913903479687677933394048080079898965963134891020988077032234536683937069655635058651352503910073386518751631590616179545275207144943639423378976452137031937561683213504809600698804638923361915916720949821794992218
37699931118352588986765204596319610877307068137411325296941442247813744255440881886956771124328170229129762179703504168833528663718903790918301859677250272906409409998727027088199104074714700359238981245387860026207466227255180441228117654034890247216771931883394082479635807338547154476941803075915977824225
34053269066851470550204971141391457374208884621850300379428433202564026492298825180717834652549770329118794911386207522930806220170354673658859932484310293330199870443660874264779451980798326410592998431854942093880293330832449741965336431903747080651547961284670257108621064347179757272084011766911683717091
